100
1033
1024
1048
1042
1029
1005
1026
1032
1018
1039
1023
1048
1001
1001
1029
1001
1000
1043
1025
1046
1039
1047
1003
1000
1025
1008
1001
1039
1043
1039
1008
1038
1024
1025
1034
1022
1014
1045
1036
1010
1047
1028
1038
1025
1040
1034
1041
1048
1006
1034
1018
1009
1023
1008
1021
1028
1030
1038
1007
1011
1000
1043
1044
1013
1022
1040
1023
1040
1017
1041
1006
1014
1026
1003
1031
1022
1040
1043
1042
1034
1026
1021
1040
1027
1042
1010
1027
1024
1016
1027
1016
1045
1033
1026
1018
1034
1040
1027
1043
1016